1006
1008
1009
1010
1011
1016
1017
1021
1026
1029
1033
1040
1041
1044
1045
1046
1050
1051
1054
1056
1060
1061
1062
1067
1072
1075
1082
1086
1087
1090
1096
1098
1099
1100
1104
1107
1110
1112
1115
1116
1119
1124
1126
1131
1133
1135
1138
1139
1145
1147
1149
1150
1151
1152
1156
1157
1159
1161
1164
1168
1171
1175
1177
1181
1185
1186
1187
1188
1190
1191
1192
1193
1195
1196
1201
1203
1205
1207
1208
1209
1210
1211
1213
1214
1215
1216
1219
1222
1226
1232
1233
1235
1236
1239
1240
1241
1246
1247
1249
1251
1253
1264
1268
1271
1275
1289
1292
1293
1295
1298
1299
1305
1306
1311
1312
1313
1314
1319
1320
1324
1331
1337
1338
1343
1345
1346
1351
1352
1353
1358
1359
1360
1361
1362
1363
1364
1368
1370
1375
1376
1381
1383
1384
1395
1396
1398
1400
1412
1413
1414
1416
1418
1429
1451
1454
1458
1460
1483
1493
1496
1497
1501
1503
1526
1529
1536
1539
1540
1545
1548
1557
1565
1569
1575
1585
1589
1609
1620
1626
1631
1647
1649
1662
1679
1691
1699
1700
1702
1704
1708
1710
1712
1713
1715
1716
1717
1721
1722
1731
1734
1736
1742
1743
1744
1748
1750
1751
1757
1763
1766
1769
1774
1776
1780
1781
1798
1813
1814
1815
1819
1823
1824
1826
1832
1862
1887
1894
1895
1909
1914
1944
1953
1954
1955
1963
1964
1966
1968
1970
1971
1974
1977
1981
1982
1986
1992
1995
1999
2008
2010
2011
2028
2031
2041
2047
2049
2054
2060
2061
2068
2078
2080
2089
2093
2098
2103
2107
2109
2113
2117
2119
2122
2167
2168
2169
2174
2193
2207
2210
2217
2219
2221
2234
2235
2237
2247
2254
2257
2258
2261
2266
2275
2277
2281
2282
2284
2289
2293
2295
2297
2299
2304
2308
2311
2312
2317
2324
2325
2329
2330
2351
2353
2385
2388
2403
2411
2416
2420
2425
2426
2431
2447
2466
2468
2469
2479
2497
2498
2499
2500
2501
2504
2505
2509
2511
2529
2550
2552
2553
2570
2571
2572
2602
2604
2610
2611
2614
2623
2624
2628
2635
2657
2663
2669
2721
2723
2725
2728
2730
2735
2737
2743
2745
2754
2761
2776
2781
2782
2822
2826
2827
2832
2835
2843
2847
2851
2853
2868
2870
2898
2900
2901
2906
2909
2912
2914
2919
2927
2947
2949
2962
2963
2964
2967
2976
3006
3007
3024
3040
3048
3051
3078
3082
3084
3104
3125
3127
3146
3148
3168
3185
3187
3192
3201
3203
3289
3290
3297
3342
3350
3369
3379
3398
3417
3424
3431
3435
3439
3457
3466
3480
3483
3492
3506
3535
3574
3592
3594
3596
3613
3635
3648
3651
3652
3655
3660
3678
3680
3700
3709
3719
3726
3731
3732
3765
3767
3769
3782
3854
3860
3868
3871
3872
3892
3895
3907
3911
3934
3958
3960
3998
4000
4013
4014
4023
4026
4049
4071
4077
4084
4115
4158
4184
4219
4232
4269
4305
4343
4387
4418
4441
4446
4478
4482
4496
4526
4527
4541
4558
4575
4584
4592
4615
4684
4688
4694
4697
4706
4736
4757
4762
4787
4795
4796
4798
4805
4807
4811
4812
4816
4870
4871
4872
4877
4925
4932
4936
4963
4964
4967
5043
5053
5069
5073
5141
5154
5155
5164
5180
5215
5217
5227
5239
5300
5302
5303
5312
5314
5315
5327
5334
5338
5418
5420
5444
5457
5467
5469
5502
5505
5608
5615
5617
5618
5642
5648
5650
5653
5671
5729
5730
5736
5782
5806
5812
5839
5844
5860
5873
5887
5893
5906
5913
5926
5962
5990
5996
5998
6039
6089
6107
6147
6160
6161
6165
6166
6168
6187
6203
6274
6298
6347
6363
6367
6380
6395
6399
6422
6439
6477
6484
6527
6535
6600
6611
6634
6635
6664
6666
6709
6731
6772
6791
6802
6820
6829
6854
6857
6890
6903
6925
6931
6932
6997
7006
7193
7204
7212
7217
7228
7269
7270
7275
7290
7315
7324
7348
7360
7390
7478
7490
7496
7498
7663
7673
7698
7704
7795
7804
7811
7814
7816
7817
7829
7836
7837
7856
7862
7871
7931
7979
7989
8041
8132
8158
8179
8186
8191
8251
8302
8398
8408
8522
8594
8638
8644
8708
8743
8777
8778
8781
8787
8792
8793
8794
8820
8864
8909
8914
8915
8990
9032
9049
9055
9120
9137
9164
9192
9250
9259
9270
9295
9301
9330
9336
9367
9584
9746
9878
9896
9933
9943
9998
10046
10071
10243
10251
10360
10403
10410
10455
10461
10538
10540
10551
10589
10609
10617
10734
10773
10783
10906
10943
10954
10958
10970
10990
10993
11038
11086
11104
11114
11245
11420
11421
11454
11462
11547
11576
11578
11705
11868
11927
11996
12064
12146
12287
12325
12378
12384
12387
12413
12567
12753
12790
12791
12871
12926
12932
12949
13005
13020
13028
13032
13047
13072
13082
13083
13084
13105
13132
13135
13137
13142
13146
13151
13152
13166
13176
13180
13191
13194
13197
13202
13204
13207
13210
13212
13219
13235
13241
13246
13247
13248
13251
13255
13261
13267
13271
13272
13278
13284
13290
13294
13310
13312
13316
13319
13324
13325
13329
13333
13334
13336
13348
13351
13353
13354
13355
13356
13358
13365
13366
13375
13377
13381
13388
13391
13398
13406
13407
13410
13416
13425
13428
13435
13438
13440
13443
13450
13453
13468
13472
13477
13485
13490
13498
13503
13506
13510
13516
13526
13531
13534
13536
13537
13541
13544
13550
13561
13564
13575
13581
13584
13587
13595
13600
13602
13604
13607
13609
13610
13614
13616
13618
13622
13623
13629
13646
13652
13658
13676
13677
13693
13694
13696
13698
13699
13703
13704
13715
13717
13719
13720
13725
13729
13731
13734
13735
13745
13755
13761
13762
13765
13769
13770
13772
13785
13790
13793
13794
13797
13801
13809
13817
13826
13834
13838
13839
13864
13871
13875
13898
13901
13903
13906
13907
13913
13918
13931
13934
13935
13945
13948
13955
13964
13967
13986
13987
13995
14002
14046
14054
14082
14088
14092
14093
14103
14133
14137
14141
14142
14176
14197
14210
14226
14247
14272
14285
14294
14301
14305
14308
14315
14326
14382
14426
14430
14456
14460
14467
14514
14535
14590
14601
14660
14923
14932
14934
14940
14958
14965
14974
14979
14988
14990
14997
15004
15008
15010
15012
15015
15023
15031
15032
15033
15044
15050
15052
15053
15065
15067
15069
15084
15095
15104
15113
15120
15121
15122
15126
15131
15141
15156
15158
15174
15185
15190
15201
15213
15214
15217
15221
15224
15236
15241
15263
15267
15276
15287
15289
15294
15301
15317
15350
15359
15370
15376
15389
15391
15408
15414
15467
15501
15532
15534
15542
15606
15632
15670
15671
15699
15704
15752
15824
15831
15836
15844
15854
15855
15864
16039
16068
16070
16077
16108
16137
16194
16204
16208
16220
16289
16373
16375
16414
16419
16422
16452
16456
16458
16467
16486
16491
16615
16686
16701
16743
16778
16811
16824
16843
16893
16934
16939
16955
16981
16986
16991
17052
17100
17131
17150
17180
17208
17216
17273
17306
17348
17395
17426
17455
17518
17632
17644
17653
17656
17657
17661
17846
17868
17871
17888
17915
17991
17998
18002
18053
18055
18073
18126
18143
18215
18398
18442
18445
18447
18490
18514
18539
18600
18603
18627
18678
18716
18726
18758
18809
19016
19131
19188
19323
19373
19432
19472
19479
19487
19638
19681
19803
19907
19908
19975
20001
20040
20044
20056
20061
20091
20182
20183
20208
20223
20307
20462
20663
20754
20900
21080
21085
21177
21273
21663
21730
21891
21905
22254
22298
22303
22304
22480
22526
22613
22950
23112
23127
23256
23305
23319
23320
23324
23326
23709
23768
23803
23836
23878
24004
24361
24367
24436
24525
24555
24679
24722
24736
24899
24926
24983
25455
25456
25777
26093
26153
26156
26198
26350
26355
26548
26615
26683
26831
26835
26940
26986
27213
27387
27392
27517
27787
27791
27952
27959
27975
28056
28212
28213
28215
28218
28219
28645
28650
28658
28664
28666
28667
28668
28773
28776
28801
29041
29128
29212
29398
29867
30049
30287
30510
30848
31009
31028
31088
31745
33157
33158
33164
33167
33168
33169
33170
33173
33178
33182
33183
33186
33214
33215
33219
33222
33226
33232
33237
33238
33246
33247
33248
33249
33258
33259
33261
33266
33273
33274
33277
33278
33283
33286
33288
33295
33296
33298
33300
33315
33326
33334
33336
33341
33345
33346
33351
33356
33358
33362
33368
33370
33372
33373
33375
33376
33382
33385
33391
33392
33399
33402
33411
33412
33415
33417
33418
33419
33420
33421
33422
33430
33435
33439
33440
33464
33466
33469
33470
33471
33472
33473
33484
33488
33493
33497
33500
33503
33506
33508
33511
33522
33525
33527
33550
33557
33558
33560
33565
33569
33571
33572
33574
33576
33578
33591
33594
33609
33611
33620
33622
33628
33633
33635
33641
33654
33656
33666
33671
33678
33687
33691
33694
33695
33721
33725
33734
33737
33739
33766
33770
33784
33841
33845
33847
33849
33856
33865
33884
33886
33924
33952
33962
33966
33969
33972
34003
34017
34042
34070
34075
34136
34141
34143
34150
34154
34165
34270
34274
34276
34277
34344
34506
34515
34516
34519
34523
34525
34531
34534
34539
34557
34569
34580
34584
34590
34595
34596
34599
34613
34620
34627
34641
34662
34664
34678
34695
34698
34700
34702
34709
34756
34771
34784
34787
34811
34816
34821
34829
34840
34843
34844
34845
34846
34864
34867
34869
34886
34923
34925
34930
34932
34934
34950
34962
34963
34965
34993
34994
35008
35013
35018
35020
35023
35030
35053
35077
35081
35084
35086
35097
35104
35106
35115
35119
35128
35136
35144
35168
35173
35176
35178
35193
35268
35321
35326
35341
35346
35358
35363
35369
35370
35401
35406
35446
35459
35468
35492
35496
35502
35509
35516
35522
35526
35555
35563
35571
35573
35579
35583
35585
35588
35593
35596
35601
35623
35626
35634
35636
35683
35797
35816
35881
35892
35905
35907
35986
35987
35989
35992
35996
35999
36002
36006
36015
36018
36054
36103
36783
36790
36801
36805
36807
36812
36815
36818
36820
36828
36831
36834
36835
36837
36849
36872
36887
36895
36897
36910
36918
36920
36930
36931
36937
36944
36945
36949
36980
36981
36985
36997
37019
37031
37036
37042
37049
37069
37073
37076
37077
37085
37088
37091
37092
37094
37100
37101
37105
37110
37111
37115
37117
37119
37122
37128
37136
37139
37144
37158
37219
37227
37259
37295
37296
37299
37305
37306
37312
37318
37324
37330
37351
37355
37359
37423
37434
37455
37471
37488
37502
37504
37517
37541
37550
37554
37556
37564
37577
37587
37612
37631
37644
37646
37649
37654
37661
37728
37738
37743
37747
37748
37787
37790
37798
37799
37838
37841
37842
37857
37861
37881
37882
37887
37898
37915
37933
37943
37951
37984
38054
38055
38056
38104
38134
38146
38155
38156
38157
38158
38174
38185
38207
38217
38243
38269
38293
38316
38333
38357
38373
38416
38452
38457
38459
38486
38492
38548
38637
38638
38644
38645
38651
38652
38653
38654
38658
38766
38805
38817
38837
38848
38853
38878
38885
38916
38919
38928
38932
38936
38950
38953
38969
39019
39020
39021
39051
39052
39121
39138
39249
39293
39300
39307
39312
39339
39343
39344
39345
39346
39347
39348
39355
39364
39365
39380
39411
39421
39422
39537
39539
39540
39568
39575
39577
39658
39743
39819
39824
39874
39936
39943
39946
39981
40028
40193
40200
40213
40215
40267
40298
40304
40350
40372
40399
40425
40437
40439
40440
40555
40565
40580
40583
40620
40726
40749
40768
40793
40804
40849
40905
40993
41012
41078
41079
41086
41092
41132
41165
41184
41251
41269
41288
41330
41335
41340
41341
41346
41351
41371
41395
41444
41447
41450
41477
41522
41537
41560
41623
41634
41652
41701
41747
41760
41940
41945
42045
42055
42063
42099
42157
42193
42288
42339
42349
42359
42392
42400
42406
42408
42418
42424
42434
42515
42670
42745
42895
42943
43109
43141
43165
43295
43316
43373
43381
43382
43390
43435
43447
43450
43454
43461
43464
43471
43473
43486
43500
43503
43509
43518
43525
43564
43565
43570
43571
43585
43591
43601
43628
43648
43701
43706
43718
43762
43774
43775
43783
43799
43801
43807
43811
43812
43813
43824
43830
43885
43934
43946
43949
43954
43955
44037
44040
44043
44057
44059
44074
44084
44085
44088
44093
44099
44137
44138
44151
44158
44159
44166
44167
44173
44174
44183
44195
44212
44216
44219
44229
44314
44341
44342
44343
44425
44427
44430
44674
44712
44721
44756
44761
44763
44787
44799
44800
44804
44812
44814
44840
44874
44891
44902
44903
44935
44937
45012
45076
45081
45125
45207
45322
45325
45347
45349
45353
45361
45372
45373
45398
45419
45433
45436
45438
45439
45442
45443
45476
45596
45608
45610
45625
45637
45662
45677
45744
45765
45808
45809
45818
45828
45830
45836
45884
45888
45889
45892
45914
45933
45952
45953
45956
45968
46021
46025
46113
46118
46143
46174
46241
46255
46278
46333
46366
46454
46455
46466
46621
46637
46639
46662
46665
46677
46693
46729
46733
46752
46769
46788
46822
46834
46866
46869
46875
46932
46965
46966
46983
46999
47102
47111
47116
47118
47158
47170
47178
47179
47185
47194
47205
47221
47228
47233
47246
47251
47257
47271
47272
47289
47294
47298
47302
47305
47306
47309
47312
47313
47318
47321
47324
47327
47331
47334
47336
47344
47345
47347
47349
47352
47355
47358
47376
47404
47405
47419
47426
47431
47448
47450
47478
47480
47498
47502
47506
47510
47535
47548
47555
47557
47566
47573
47574
47581
47606
47613
47716
47730
47738
47744
47791
47798
47818
47824
47830
47837
47839
47854
47858
47894
47896
47900
47973
47994
47995
48004
48048
48066
48067
48070
48103
48109
48114
48145
48151
48192
48234
48243
48280
48308
48340
48359
48440
48529
48549
48554
48576
48617
48618
48622
48641
48642
48647
48850
48987
49000
49026
49028
49056
49089
49095
49117
49201
49205
49274
49290
49379
49400
49415
49416
49419
49424
49428
49445
49456
49462
49583
49602
49644
49646
49656
49746
49819
49821
49825
49843
49863
49894
49897
49902
49909
49917
49918
49919
49941
49964
50042
50112
50140
50141
50156
50178
50242
50243
50271
50273
50275
50277
50279
50339
50362
50375
50378
50549
50555
50560
50562
50567
50572
50762
50777
50808
50849
50860
50866
50878
50911
50937
50949
50950
50952
50955
50957
50958
50992
51004
51021
51045
51046
51076
51079
51080
51087
51090
51115
51181
51185
51195
51196
51213
51218
51231
51236
51237
51251
51261
51310
51321
51332
51348
51366
51378
51389
51411
51436
51457
51461
51462
51490
51504
51518
51541
51599
51605
51647
51655
51659
51664
51679
51683
51745
51762
51820
51840
51887
51902
51961
52030
52127
52135
52186
52199
52205
52209
52252
52270
52272
52304
52391
52392
52400
52427
52496
52537
52545
52552
52555
52587
52591
52595
52630
52651
52653
52654
52672
52674
52680
52692
52695
52773
57369
57392
57439
57609
57632
57672
57675
57691
57693
57718
57736
57737
57746
57771
57779
57820
57834
57841
57842
57844
57846
57849
57850
57855
57891
57894
57909
57910
57913
57935
57978
57989
58025
58031
58055
58061
58090
58091
58161
58294
58298
58328
58339
58400
58414
58423
58426
58428
58479
58552
58706
58737
58891
59000
59306
59584
59604
59611
59618
59619
59621
59625
59672
59699
59767
59768
59785
59788
59868
59900
59939
60038
60042
60083
60272
60529
60658
60937
61067
61086
61096
61148
61299
61414
61424
61503
61675
62047
62122
62476
62737
62828
63279
63597
64059
64291
64350
64829
64928
65129
65149
65966
66137
66145
66270
66379
66432
66439
66444
66526
66543
66544
66638
66645
66658
66950
66952
66957
67090
67094
67126
67127
67141
67276
67277
67278
67279
67283
67346
67386
67606
67633
67815
67902
67967
67969
67970
67979
67980
68011
68012
68013
68014
68016
68064
68074
68161
68162
68163
68204
68206
68207
68233
68255
68281
68453
68564
68565
68584
68594
68675
68693
68728
68731
68735
68841
68892
69027
69031
69032
69058
69215
69219
69228
69235
69237
69252
69308
69325
69326
69327
69328
69408
69412
69415
69424
69437
69449
69471
69550
69662
69683
69689
69699
69709
69720
69759
69760
69767
69786
69799
69859
69926
69969
70010
70082
70108
70298
70303
70305
70321
70369
70386
70400
70461
70471
70648
70723
70874
70983
71049
71190
71202
71215
71222
71258
71276
71313
71336
71342
71359
71360
71361
71362
71363
71368
71434
71495
71498
71733
71745
71749
71772
71776
71891
71894
72029
72045
72068
72141
72185
72436
72451
72504
72569
72602
72630
72634
72681
72723
72839
72901
72913
72965
72967
73008
73014
73075
73197
73306
73375
73385
73430
73472
73482
73512
73532
73533
73601
73795
73796
73820
73825
73826
73828
73870
73871
73875
73877
73954
74086
74111
74127
74536
74538
74649
74706
74769
74770
74830
74876
74926
74966
74989
75015
75036
75099
75158
75216
75297
75331
75516
75700
75911
75996
76027
76086
76110
76179
76180
76181
76243
76253
76255
76379
76493
76590
76593
76957
77001
77021
77192
77234
77297
77533
77670
77815
77825
77870
77948
77949
77980
78202
78270
78427
78449
78468
78471
78474
78495
78558
78559
78578
78624
78625
78626
78646
78751
78915
79060
79075
79076
79236
79293
79344
79400
79424
79666
79769
79819
79841
80038
80042
80053
80162
80285
80377
80415
80585
80639
80992
81384
81452
81491
81719
81720
81726
81737
81738
81742
81756
81846
82108
82118
82153
82181
82196
82199
82212
82295
82538
82928
83350
83351
83424
83434
83505
83603
83604
83605
83660
83755
83792
83866
83886
83995
84072
84078
84203
84226
84322
84387
84394
84414
84462
84531
84763
84784
84789
84870
85001
85084
85086
85089
85090
85132
85135
85138
85140
85144
85179
85180
85181
85187
85238
85239
85243
85286
85299
85304
85307
85313
85366
85449
85452
85479
85502
85506
85511
85542
85555
85617
85621
85627
85629
85653
85662
85682
85694
85728
85738
85843
85871
85872
85873
85932
85956
86023
86033
86035
86109
86110
86116
86118
86162
86164
86171
86217
86323
86380
86391
86415
86417
86418
86517
86521
86635
86710
86721
86784
86785
86816
86819
86822
86849
86856
86876
86900
87030
87204
87233
87281
87412
87442
87610
87736
87799
87913
87977
87990
88047
88049
88081
88094
88121
88127
88308
88322
88340
88382
88473
88495
88516
88747
88800
88812
88931
88933
88934
88935
89015
89032
89052
89057
89066
89353
89752
89771
89912
89925
89946
90004
90066
90175
90179
90277
90368
91592
91666
91669
91712
91751
91788
92251
92336
92349
92561
92576
92664
92665
92670
92789
92878
92899
93080
93091
93108
93119
93199
93237
93393
94137
94546
94618
94621
94745
94856
94884
94952
94957
94958
95059
95201
95682
95683
95778
95970
96086
96178
96467
96535
96583
96612
96622
96630
96696
97229
98139
98241
98443
98505
98512
98545
98564
98792
98877
99189
99291
99439
99512
99581
99583
99818
99996
100007
100009
100046
100134
100136
100140
100141
100142
100147
100157
100161
100178
100179
100184
100188
100190
100192
100406
100418
100433
100440
100695
100706
100863
100883
101034
101090
101202
101310
101348
101382
101578
101935
102133
102172
102238
102324
102348
102852
102927
103036
103245
103295
103846
104229
104346
104482
104531
104539
104543
104544
104545
104547
104548
104549
104553
104554
104555
104557
104561
104564
104566
104579
104597
104795
104844
105103
105292
105382
105619
105634
105657
105713
105951
106012
106124
106129
106130
106200
106246
106488
106551
106737
107182
107321
107498
107700
107701
107703
107931
108392
108396
108483
108497
108747
108785
108815
109250
109463
109829
109846
110234
110346
110599
110605
110664
110702
110824
111201
111208
111218
111229
111231
111238
111241
111661
111666
111672
111696
111754
112091
112148
112302
112304
112365
112418
112435
112437
112439
112453
112454
112461
112541
112544
112555
112557
112558
112737
112913
112916
112918
112922
112923
112931
112933
112934
112937
112938
112940
112942
113058
113091
113093
113159
113162
113246
113281
113290
113295
113298
113299
113305
113312
113315
113316
113317
113323
113327
113332
113333
113335
113336
113337
113340
113341
113342
113349
113356
113359
113360
113361
113362
113363
113366
113367
113368
113425
113473
113592
114028
114032
114065
114217
114420
114421
114422
114423
114478
114822
114871
115062
115196
115245
115268
115385
115557
115682
115711
115718
115795
116029
116383
116410
116440
116517
116519
116600
116630
116639
116704
116810
116811
116814
116949
116970
117072
117097
117158
117181
117272
117295
117548
117551
117569
117576
117821
117824
117853
117954
117955
117958
117959
118043
118127
118176
118218
118399
118424
118495
118547
118594
118664
118721
118730
118731
118774
118788
119450
119492
119748
122484
125703
126304
126328
126331
126333
126338
126339
126343
126355
126356
126357
126401
126404
126409
126410
126413
126436
126442
126726
126806
126813
126818
126865
126870
126935
126938
126945
126974
126983
127008
127027
127066
127147
127160
127164
127208
127209
127219
127221
127280
127308
127317
127318
127320
127326
127335
127336
127357
127388
127393
127408
127417
127445
127454
127457
127461
127466
127496
127500
127657
128066
128102
128189
128269
128272
128297
128334
128391
128434
128572
128730
128798
128932
128992
129245
129362
129381
129384
129387
129393
129411
129451
129452
129496
129533
129585
129595
129607
129643
129647
129648
129649
129652
129655
129656
129657
129660
129661
129664
129666
129667
129668
129669
129670
129671
129672
129731
129804
129815
129930
129933
129941
130101
130102
130136
130326
130403
130600
130811
130930
130936
131035
131059
131086
131290
131302
131455
131471
131475
131481
131485
131487
131648
131680
131686
131717
132646
133404
133416
133871
133872
133951
134148
134150
134170
134171
134179
134180
134192
134193
134194
134196
134258
134393
134416
134419
134423
134442
134448
134493
134515
134523
134538
134542
134883
134921
134932
134934
135120
135152
135408
135457
135493
135884
136003
136053
136054
136125
136192
136217
136224
136236
136239
136241
136248
136272
136464
136496
136694
136750
136752
136763
136768
136775
136777
137196
137546
137549
137623
137836
138035
138360
139152
139492
139848
140096
140530
140616
140652
140859
140866
140872
140886
140895
140939
140964
140971
140989
140994
141083
141124
141127
141144
141149
141159
141173
141188
141236
141246
141258
141264
141322
141329
141363
141366
141370
141502
141511
141729
141731
141733
141734
141738
141740
141744
141749
141770
141794
141808
141813
141827
141842
141871
141874
141947
142159
142208
142254
142256
142330
142397
142970
142975
143003
143017
143424
143436
143609
143612
143810
143890
143893
144058
144197
144704
144970
145019
145046
145051
145518
145926
146467
146686
146946
147074
147210
147274
147277
147298
147301
147628
148596
148706
149249
149346
149490
149767
149793
149935
149936
150038
150058
150239
150250
150255
150376
150597
150598
150816
150903
151331
151358
151533
151691
152955
153143
153154
153348
153510
153597
153681
153699
153706
153776
153797
154304
154508
154576